92222222222222222222111111111111111111111111111111111111111100000000000000000000000000000000000000000000000000000000000000000000000000000000000000000000000000000000000000000000000000000000000000000000
92222222222222222222111111111111111111111111111111111111111100000000000000000000000000000000000000000000000000000000000000000000000000000000000000000000000000000000000000000000000000000000000000000000
92222222222222222222111111111111111111111111111111111111111100000000000000000000000000000000000000000000000000000000000000000000000000000000000000000000000000000000000000000000000000000000000000000000
92222222222222222222111111111111111111111111111111111111111100000000000000000000000000000000000000000000000000000000000000000000000000000000000000000000000000000000000000000000000000000000000000000000
92222222222222222222111111111111111111111111111111111111111100000000000000000000000000000000000000000000000000000000000000000000000000000000000000000000000000000000000000000000000000000000000000000000
92222222222222222222111111111111111111111111111111111111111100000000000000000000000000000000000000000000000000000000000000000000000000000000000000000000000000000000000000000000000000000000000000000000
92222222222222222222111111111111111111111111111111111111111100000000000000000000000000000000000000000000000000000000000000000000000000000000000000000000000000000000000000000000000000000000000000000000
92222222222222222222111111111111111111111111111111111111111100000000000000000000000000000000000000000000000000000000000000000000000000000000000000000000000000000000000000000000000000000000000000000000
92222222222222222222111111111111111111111111111111111111111100000000000000000000000000000000000000000000000000000000000000000000000000000000000000000000000000000000000000000000000000000000000000000000
92222222222222222222111111111111111111111111111111111111111100000000000000000000000000000000000000000000000000000000000000000000000000000000000000000000000000000000000000000000000000000000000000000000
92222222222222222222111111111111111111111111111111111111111100000000000000000000000000000000000000000000000000000000000000000000000000000000000000000000000000000000000000000000000000000000000000000000
92222222222222222222111111111111111111111111111111111111111100000000000000000000000000000000000000000000000000000000000000000000000000000000000000000000000000000000000000000000000000000000000000000000
92222222222222222222111111111111111111111111111111111111111100000000000000000000000000000000000000000000000000000000000000000000000000000000000000000000000000000000000000000000000000000000000000000000
92222222222222222222111111111111111111111111111111111111111100000000000000000000000000000000000000000000000000000000000000000000000000000000000000000000000000000000000000000000000000000000000000000000
92222222222222222222111111111111111111111111111111111111111100000000000000000000000000000000000000000000000000000000000000000000000000000000000000000000000000000000000000000000000000000000000000000000
92222222222222222222111111111111111111111111111111111111111100000000000000000000000000000000000000000000000000000000000000000000000000000000000000000000000000000000000000000000000000000000000000000000
92222222222222222222111111111111111111111111111111111111111100000000000000000000000000000000000000000000000000000000000000000000000000000000000000000000000000000000000000000000000000000000000000000000
92222222222222222222111111111111111111111111111111111111111100000000000000000000000000000000000000000000000000000000000000000000000000000000000000000000000000000000000000000000000000000000000000000000
92222222222222222222111111111111111111111111111111111111111100000000000000000000000000000000000000000000000000000000000000000000000000000000000000000000000000000000000000000000000000000000000000000000
92222222222222222222111111111111111111111111111111111111111100000000000000000000000000000000000000000000000000000000000000000000000000000000000000000000000000000000000000000000000000000000000000000000
92222222222222222222111111111111111111111111111111111111111100000000000000000000111111111111111111111111111111111111111111111111111111111111111111111111111111110000000000000000000000000000000000000000
92222222222222222222111111111111111111111111111111111111111100000000000000000000111111111111111111111111111111111111111111111111111111111111111111111111111111110000000000000000000000000000000000000000
92222222222222222222111111111111111111111111111111111111111100000000000000000000111111111111111111111111111111111111111111111111111111111111111111111111111111110000000000000000000000000000000000000000
92222222222222222222111111111111111111111111111111111111111100000000000000000000111111111111111111111111111111111111111111111111111111111111111111111111111111110000000000000000000000000000000000000000
92222222222222222222111111111111111111111111111111111111111100000000000000000000111111111111111111111111111111111111111111111111111111111111111111111111111111110000000000000000000000000000000000000000
92222222222222222222111111111111111111111111111111111111111100000000000000000000111111111111111111111111111111111111111111111111111111111111111111111111111111110000000000000000000000000000000000000000
29222222222222222222111111111111111111111111111111111111111100000000000000000000111111111111111111111111111111111111111111111111111111111111111111111111111111110000000000000000000000000000000000000000
22922222222222222222111111111111111111111111111111111111111122200000000000000000111111111111111111111111111111111111111111111111111111111111111111111111111111110000000000000000000000000000000000000000
22292222222222222222111111111111111111111111111111111111111122222222222222222220111111111111111111111111111111111111111111111111111111111111111111111111111111110000000000000000000000000000000000000000
22229222222222222222111111111111111111111111111111111111111122222222222222222222111111111111111111111111111111111111111111111111111111111111111111111111111111110000000000000000000000000000000000000000
22222922222222222222111111111111111111111111111111111111111122222222222222222222111111111111111111111111111111111111111111111111111111111111111111111111111111110000000000000000000000000000000000000000
22222292222222222222111111111111111111111111111111111111111122222222222222222222111111111111111111111111111111111111111111111111111111111111111111111111111111110000000000000000000000000000000000000000
22222229222222222222111111111111111111111111111111111111111122222222222222222222111111111111111111111111111111111111111111111111111111111111111111111111111111110000000000000000000000000000000000000000
22222222922222222222111111111111111111111111111111111111111122222222222222222222111111111111111111111111111111111111111111111111111111111111111111111111111111110000000000000000000000000000000000000000
22222222292222222222111111111111111111111111111111111111111122222222222222222222111111111111111111111111111111111111111111111111111111111111111111111111111111110000000000000000000000000000000000000000
22222222229222222222111111111111111111111111111111111111111122222222222222222222111111111111111111111111111111111111111111111111111111111111111111111111111111110000000000000000000000000000000000000000
22222222222922222222111111111111111111111111111111111111111122222222222222222222111111111111111111111111111111111111111111111111111111111111111111111111111111110000000000000000000000000000000000000000
22222222222292222222111111111111111111111111111111111111111122222222222222222222111111111111111111111111111111111111111111111111111111111111111111111111111111110000000000000000000000000000000000000000
22222222222229222222111111111111111111111111111111111111111122222222222222222222111111111111111111111111111111111111111111111111111111111111111111111111111111110000000000000000000000000000000000000000
22222222222222922222111111111111111111111111111111111111111122222222222222222222111111111111111111111111111111111111111111111111111111111111111111111111111111110000000000000000000000000000000000000000
22222222222222292222111111111111111111111111111111111111111122222222222222222222222222222222222222222222220000000000000000000000000000000000000000000000000000000000000000000000000000000000000000000000
22222222222222229222111111111111111111111111111111111111111122222222222222222222222222222222222222222222222222000000000000000000000000000000000000000000000000000000000000000000000000000000000000000000
22222222222222222922111111111111111111111111111111111111111122222222222222222222222222222222222222222222222222220000000000000000000000000000000000000000000000000000000000000000000000000000000000000000
22222222222222222292111111111111111111111111111111111111111122222222222222222222222222222222222222222222222222222200000000000000000000000000000000000000000000000000000000000000000000000000000000000000
22222222222222222229111111111111111111111111111111111111111122222222222222222222222222222222222222222222222222222222000000000000000000000000000000000000000000000000000000000000000000000000000000000000
22222222222222222222999999999999999999999999999999999999999999999999999999999999999999999999999999999999992222222222200000000000000000000000000000000000000000000000000000000000000000000000000000000000
22222222222222222222222222222222222222222222222222222222222222222222222222222222222222222222222222222222229222222222220000000000000000000000000000000000000000000000000000000000000000000000000000000000
22222222222222222222222222222222222222222222222222222222222222222222222222222222222222222222222222222222222922222222222000000000000000000000000000000000000000000000000000000000000000000000000000000000
22222222222222222222222222222222222222222222222222222222222222222222222222222222222222222222222222222222222292222222222200000000000000000000000000000000000000000000000000000000000000000000000000000000
22222222222222222222222222222222222222222222222222222222222222222222222222222222222222222222222222222222222229222222222220000000000000000000000000000000000000000000000000000000000000000000000000000000
22222222222222222222222222222222222222222222222222222222222222222222222222222222222222222222222222222222222222922222222222200000000000000000000000000000000000000000000000000000000000000000000000000000
22222222222222222222222222222222222222222222222222222222222222222222222222222222222222222222222222222222222222292222222222220000000000000000000000000000000000000000000000000000000000000000000000000000
22222222222222222222222222222222222222222222222222222222222222222222222222222222222222222222222222222222222222229222222222222000000000000000000000000000000000000000000000000000000000000000000000000000
22222222222222222222222222222222222222222222222222222222222222222222222222222222222222222222222222222222222222222922222222222000000000000000000000000000000000000000000000000000000000000000000000000000
22222222222222222222222222222222222222222222222222222222222222222222222222222222222222222222222222222222222222222292222222222220000000000000000000000000000000000000000000000000000000000000000000000000
22222222222222222222222222222222222222222222222222222222222222222222222222222222222222222222222222222222222222222229222222222222000000000000000000000000000000000000000000000000000000000000000000000000
22222222222222222222222222222222222222222222222222222222222222222222222222222222222222222222222222222222222222222222922222222222200000000000000000000000000000000000000000000000000000000000000000000000
22222222222222222222222222222222222222222222222222222222222222222222222222222222222222222222222222222222222222222222292222222222220000000000000000000000000000000000000000000000000000000000000000000000
22222222222222222222222222222222222222222222222222222222222222222222222222222222222222222222222222222222222222222222229222222222220000000000000000000000000000000000000000000000000000000000000000000000
22222222222222222222222222222222222222222222222222222222222222222222222222222222222222222222222222222222222222222222222922222222222000000000000000000000000000000000000000000000000000000000000000000000
22222222222222222222222222222222222222221111111111111111111111111111111111111111111111111111111111111111111111111111111192222222222200000000000000000000000000000000000000000000000000000000000000000000
22222222222222222222222222222222222222221111111111111111111111111111111111111111111111111111111111111111111111111111111192222222222222000000000000000000000000000000000000000000000000000000000000000000
22222222222222222222222222222222222222221111111111111111111111111111111111111111111111111111111111111111111111111111111192222222222222200000000000000000000000000000000000000000000000000000000000000000
22222222222222222222222222222222222222221111111111111111111111111111111111111111111111111111111111111111111111111111111192222222222222200000000000000000000000000000000000000000000000000000000000000000
22222222222222222222222222222222222222221111111111111111111111111111111111111111111111111111111111111111111111111111111192222222222222220000000000000000000000000000000000000000000000000000000000000000
22222222222222222222222222222222222222221111111111111111111111111111111111111111111111111111111111111111111111111111111192222222222222222000000000000000000000000000000000000000000000000000000000000000
22222222222222222222222222222222222222221111111111111111111111111111111111111111111111111111111111111111111111111111111192222222222222222200000000000000000000000000000000000000000000000000000000000000
22222222222222222222222222222222222222221111111111111111111111111111111111111111111111111111111111111111111111111111111192222222222222222220000000000000000000000000000000000000000000000000000000000000
22222222222222222222222222222222222222221111111111111111111111111111111111111111111111111111111111111111111111111111111192222222222222222222000000000000000000000000000000000000000000000000000000000000
22222222222222222222222222222222222222221111111111111111111111111111111111111111111111111111111111111111111111111111111192222222222222222222200000000000000000000000000000000000000000000000000000000000
22222222222222222222222222222222222222221111111111111111111111111111111111111111111111111111111111111111111111111111111192222222222222222222220000000000000000000000000000000000000000000000000000000000
22222222222222222222222222222222222222221111111111111111111111111111111111111111111111111111111111111111111111111111111192222222222222222222222000000000000000000000000000000000000000000000000000000000
22222222222222222222222222222222222222221111111111111111111111111111111111111111111111111111111111111111111111111111111192222222222222222222222200000000000000000000000000000000000000000000000000000000
22222222222222222222222222222222222222221111111111111111111111111111111111111111111111111111111111111111111111111111111192222222222222222222222220001110000000000000000000000000000000000000000000000000
22222222222222222222222222222222222222221111111111111111111111111111111111111111111111111111111111111111111111111111111192222222222222222222222222001110000000000000000000000000000000000000000000000000
22222222222222222222222222222222222222221111111111111111111111111111111111111111111111111111111111111111111111111111111192222222222222222222222222201110000000000000000000000000000000000000000000000000
22222222222222222222222222222222222222221111111111111111111111111111111111111111111111111111111111111111111111111111111192222222222222222222222222221110000000000000000000000000000000000000000000000000
22222222222222222222222222222222222222221111111111111111111111111111111111111111111111111111111111111111111111111111111192222222222222222222222222221110000000000000000000000000000000000000000000000000
22222222222222222222222222222222222222221111111111111111111111111111111111111111111111111111111111111111111111111111111192222222222222222222222222221110000000000000000000000000000000000000000000000000
22222222222222222222222222222222222222221111111111111111111111111111111111111111111111111111111111111111111111111111111192222222222222222222222222221110000000000000000000000000000000000000000000000000
22222222222222222222222222222222222222221111111111111111111100000000000000000000000000000000000000000000000000000022229922222222222222222222222222221110000000000000000000000000000000000000000000000000
22222222222222222222222222222222222222221111111111111111111100000000000000000000000000000000000000000000000000000022292222222222222222222222222222221110000000000000000000000000000000000000000000000000
22222222222222222222222222222222222222221111111111111111111100000000000000000000000000000000000000000000000000000022922222222222222222222222222222221110000000000000000000000000000000000000000000000000
22222222222222222222222222222222222222221111111111111111111100000000000000000000000000000000000000000000000000000029222222222222222222222222222222221110000000000000000000000000000000000000000000000000
22222222222222222222222222222222222222221111111111111111111100000000000000000000000000000000000000000000000000000291111111111111111111111111111111111110000000000000000000000000000000000000000000000000
22222222222222222222222222222222222222221111111111111111111100000000000000000000000000000000000000000000000000000291111111111111111111111111111111111110000000000000000000000000000000000000000000000000
22222222222222222222222222222222222222221111111111111111111100000000000000000000000000000000000000000000000000000291111111111111111111111111111111111110000000000000000000000000000000000000000000000000
22222222222222222222222222222222222222221111111111111111111100000000000000000000000000000000000000000000000000000292000000000000000000000000000000000000000000000000000000000000000000000000000000000000
22222222222222222222222222222222222222221111111111111111111100000000000000000000000000000000000000000000000000000292000000000000000000000000000000000000000000000000000000000000000000000000000000000000
22222222222222222222222222222222222222221111111111111111111100000000000000000000000000000000000000000000000000000292000000000000000000000000000000000000000000000000000000000000000000000000000000000000
22222222222222222222222222222222222222221111111111111111111100000000000000000000000000000000000000000000000000000292000000000000000000000000000000000000000000000000000000000000000000000000000000000000
22222222222222222222222222222222222222221111111111111111111100000000000000000000000000000000000000000000000000000292000000000000000000000000000000000000000000000000000000000000000000000000000000000000
22222222222222222222222222222222222222221111111111111111111100000000000000000000000000000000000000000000000000000292000000000000000000000000000000000000000000000000000000000000000000000000000000000000
22222222222222222222222222222222222222221111111111111111111100000000000000000000000000000000000000000000000000000292000000000000000000000000000000000000000000000000000000000000000000000000000000000000
22222222222222222222222222222222222222221111111111111111111100000000000000000000000000000000000000000000000000000292200000000000000000000000000000000000000000000000000000000000000000000000000000000000
22222222222222222222222222222222222222221111111111111111111100000000000000000000000000000000000000000000000000000229220000000000000000000000000000000000000000000000000000000000000000000000000000000000
22222222222222222222222222222222222222221111111111111111111100000000000000000000000000000000000000000000000000000222922000000000000000000000000000000000000000000000000000000000000000000000000000000000
02222222222222222222222222222222222222221111111111111111111100000000000000000000000000000000000000000000000000000222292200000000000000000000000000000000000000000000000000000000000000000000000000000000
00222222222222222222222222222222222222221111111111111111111100000000000000000000000000000000000000000000000000000222229220000000000000000000000000000000000000000000000000000000000000000000000000000000
00022222222222222222222222222222222222221111111111111111111100000000000000000000000000000000000000000000000000000222222922000000000000000000000000000000000000000000000000000000000000000000000000000000
00002222222222222222222222222222222222221111111111111111111100000000000000000000000000000000000000000000000000000222222292200000000000000000000000000000000000000000000000000000000000000000000000000000
00000222222222222222222222222222222222221111111111111111111100000000000000000000000000000000000000000000000000000222222229220000000000000000000000000000000000000000000000000000000000000000000000000000
00000022222222222222222222222222222222221111111111111111111100000000000000000000000000000000000000000000000000000222222222922000000000000000000000000000000000000000000000000000000000000000000000000000
00000002222222222222222222222222222222221111111111111111111100000000000000000000000000000000000000000000000000000222222222292200000000000000000000000000000000000000000000000000000000000000000000000000
00000000222222222222222222222222222222221111111111111111111100000000000000000000000000000000000000000000000000000222222222229220000000000000000000000000000000000000000000000000000000000000000000000000
00000000022222222222222222222222222222221111111111111111111100000000000000000000000000000000000000000000000000000222222222222922000000000000000000000000000000000000000000000000000000000000000000000000
00000000002222222222222222222222222222221111111111111111111100000000000000000000000000000000000000000000000000000222222222222292200000000000000000000000000000000000000000000000000000000000000000000000
00000000000222222222222222222222222222221111111111111111111100000000000000000000000000000000000000000000000000000222222222222229220000000000000000000000000000000000000000000000000000000000000000000000
00000000000022222222222222222222222222221111111111111111111100000000000000000000000000000000000000000000000000000222222222222222922000000000000000000000000000000000000000000000000000000000000000000000
00000000000002222222222222222222222222221111111111111111111100000000000000000000000000000000000000000000000000000222222222222222292200000000000000000000000000000000000000000000000000000000000000000000
00000000000000222222222222222222222222221111111111111111111100000000000000000000000000000000000000000000000000000222222222222222229220000000000000000000000000000000000000000000000000000000000000000000
00000000000000022222222222222222222222221111111111111111111100000000000000000000000000000000000000000000000000000222222222222222222922000000000000000000000000000000000000000000000000000000000000000000
00000000000000002222222222222222222222221111111111111111111100000000000000000000000000000000000000000000000000000222222222222222222292200000000000000000000000000000000000000000000000000000000000000000
00000000000000000222222222222222222222221111111111111111111100000000000000000000000000000000000000000000000000000222222222222222222229220000000000000000000000000000000000000000000000000000000000000000
00000000000000000022222222222222222222221111111111111111111100000000000000000000000000000000000000000000000000000222222222222222222222922000000000000000000000000000000000000000000000000000000000000000
00000000000000000002222222222222222222221111111111111111111100000000000000000000000000000000000000000000000000000222222222222222222222292200000000000000000000000000000000000000000000000000000000000000
00000000000000000000222222222222222222221111111111111111111100000000000000000000000000000000000000000000000000000022222222222222222222229220000000000000000000000000000000000000000000000000000000000000
00000000000000000000022222222222222222221111111111111111111100000000000000000000000000000000000000000000000000000002222222222222222222222922000000000000000000000000000000000000000000000000000000000000
00000000000000000000022222222222222222221111111111111111111100000000000000000000000000000000000000000000000000000000222222222222222222222292200000000000000000000000000000000000000000000000000000000000
00000000000000000000000222222222222222221111111111111111111100000000000000000000000000000000000000000000000000000000022222222222222222222229220000000000000000000000000000000000000000000000000000000000
00000000000000000000000022222222222222221111111111111111111111111111111111111111111111111111111111111111111111111111111122222222222222222222922000000000000000000000000000000000000000000000000000000000
00000000000000000000000002222222222222221111111111111111111111111111111111111111111111111111111111111111111111111111111122222222222222222222292200000000000000000000000000000000000000000000000000000000
00000000000000000000000000222222222222221111111111111111111111111111111111111111111111111111111111111111111111111111111122222222222222222222229220000000000000000000000000000000000000000000000000000000
00000000000000000000000000022222222222221111111111111111111111111111111111111111111111111111111111111111111111111111111102222222222222222222222922000000000000000000000000000000000000000000000000000000
00000000000000000000000000002222222222221111111111111111111111111111111111111111111111111111111111111111111111111111111100222222222222222222222292200000000000000000000000000000000000000000000000000000
00000000000000000000000000000222222222221111111111111111111111111111111111111111111111111111111111111111111111111111111100022222222222222222222229220000000000000000000000000000000000000000000000000000
00000000000000000000000000000022222222221111111111111111111111111111111111111111111111111111111111111111111111111111111100002222222222222222222222922000000000000000000000000000000000000000000000000000
00000000000000000000000000000022222222221111111111111111111111111111111111111111111111111111111111111111111111111111111100000222222222222222222222292200000000000000000000000000000000000000000000000000
00000000000000000000000000000002222222221111111111111111111111111111111111111111111111111111111111111111111111111111111100000022222222222222222222229220000000000000000000000000000000000000000000000000
00000000000000000000000000000000222222221111111111111111111111111111111111111111111111111111111111111111111111111111111100000002222222222222222222222922000000000000000000000000000000000000000000000000
00000000000000000000000000000000022222221111111111111111111111111111111111111111111111111111111111111111111111111111111100000000222222222222222222222292200000000000000000000000000000000000000000000000
00000000000000000000000000000000000222221111111111111111111111111111111111111111111111111111111111111111111111111111111100000000022222222222222222222229220000000000000000000000000000000000000000000000
00000000000000000000000000000000000022221111111111111111111111111111111111111111111111111111111111111111111111111111111100000000002222222222222222222222922000000000000000000000000000000000000000000000
00000000000000000000000000000000000002221111111111111111111111111111111111111111111111111111111111111111111111111111111100000000000222222222222222222222292200000000000000000000000000000000000000000000
00000000000000000000000000000000000000221111111111111111111111111111111111111111111111111111111111111111111111111111111100000000000022222222222222222222229220000000000000000000000000000000000000000000
00000000000000000000000000000000000000221111111111111111111111111111111111111111111111111111111111111111111111111111111100000000000002222222222222222222222922000000000000000000000000000000000000000000
00000000000000000000000000000000000000001111111111111111111111111111111111111111111111111111111111111111111111111111111100000000000000222222222222222222222292200000000000000000000000000000000000000000
00000000000000000000000000000000000000001111111111111111111111111111111111111111111111111111111111111111111111111111111100000000000000022222222222222222222229220000000000000000000000000000000000000000
00000000000000000000000000000000000000001111111111111111111111111111111111111111111111111111111111111111111111111111111100000000000000002222222222222222222222922000000000000000000000000000000000000000
00000000000000000000000000000000000000001111111111111111111111111111111111111111111111111111111111111111111111111111111100000000000000000222222222222222222222292200000000000000000000000000000000000000
00000000000000000000000000000000000000000000000000000000000000000000000000000000000000000011111111111111111111111111111100000000000000000022222222222222222222229220000000000000000000000000000000000000
00000000000000000000000000000000000000000000000000000000000000000000000000000000000000000011111111111111111111111111111100000000000000000002222222222222222222222922000000000000000000000000000000000000
00000000000000000000000000000000000000000000000000000000000000000000000000000000000000000011111111111111111111111111111100000000000000000000222222222222222222222292200000000000000000000000000000000000
00000000000000000000000000000000000000000000000000000000000000000000000000000000000000000011111111111111111111111111111100000000000000000000022222222222222222222229220000000000000000000000000000000000
00000000000000000000000000000000000000000000000000000000000000000000000000000000000000000011111111111111111111111111111100000000000000000000002222222222222222222222922000000000000000000000000000000000
00000000000000000000000000000000000000000000000000000000000000000000000000000000000000000011111111111111111111111111111100000000000000000000000222222222222222222222292200000000000000000000000000000000
00000000000000000000000000000000000000000000000000000000000000000000000000000000000000000011111111111111111111111111111100000000000000000000000022222222222222222222229220000000000000000000000000000000
00000000000000000000000000000000000000000000000000000000000000000000000000000000000000000011111111111111111111111111111100000000000000000000000002222222222222222222222922000000000000000000000000000000
00000000000000000000000000000000000000000000000000000000000000000000000000000000000000000011111111111111111111111111111100000000000000000000000000222222222222222222222292200000000000000000000000000000
00000000000000000000000000000000000000000000000000000000000000000000000000000000000000000011111111111111111111111111111100000000000000000000000000022222222222222222222229220000000000000000000000000000
00000000000000000000000000000000000000000000000000000000000000000000000000000000000000000011111111111111111111111111111100000000000000000000000000002222222222222222222222922000000000000000000000000000
00000000000000000000000000000000000000000000000000000000000000000000000000000000000000000011111111111111111111111111111100000000000000000000000000000222222222222222222222292200000000000000000000000000
00000000000000000000000000000000000000000000000000000000000000000000000000000000000000000011111111111111111111111111111100000000000000000000000000000022222222222222222222229220000000000000000000000000
00000000000000000000000000000000000000000000000000000000000000000000000000000000000000000011111111111111111111111111111100000000000000000000000000000002222222222222222222222922000000000000000000000000
00000000000000000000000000000000000000000000000000000000000000000000000000000000000000000011111111111111111111111111111100000000000000000000000000000000222222222222222222222292200000000000000000000000
00000000000000000000000000000000000000000000000000000000000000000000000000000000000000000011111111111111111111111111111100000000000000000000000000000000022222222222222222222229220000000000000000000000
00000000000000000000000000000000000000000000000000000000000000000000000000000000000000000011111111111111111111111111111100000000000000000000000000000000002222222222222222222222922000000000000000000000
00000000000000000000000000000000000000000000000000000000000000000000000000000000000000000011111111111111111111111111111100000000000000000000000000000000000222222222222222222222292200000000000000000000
00000000000000000000000000000000000000000000000000000000000000000000000000000000000000000011111111111111111111111111111100000000000000000000000000000000000022222222222222222222229220000000000000000000
00000000000000000000000000000000000000000000000000000000000000000000000000000000000000000011111111111111111111111111111100000000000000000000000000000000000002222222222222222222222922000000000000000000
00000000000000000000000000000000000000000000000000000000000000000000000000000000000000000011111111111111111111111111111100000000000000000000000000000011111111111111111111111111111192000000000000000000
00000000000000000000000000000000000000000000000000000000000000000000000000000000000000000011111111111111111111111111111100000000000000000000000000000011111111111111111111111111111192000000000000000000
00000000000000000000000000000000000000000000000000000000000000000000000000000000000000000011111111111111111111111111111100000000000000000000000000000011111111111111111111111111111192000000000000000000
00000000000000000000000000000000000000000000000000000000000000000000000000000000000000000011111111111111111111111111111100000000000000000000000000000011111111111111111111111111111192000000000000000000
00000000000000000000000000000000000000000000000000000000000000000000000000000000000000000011111111111111111111111111111100000000000000000000000000000011111111111111111111111111111192000000000000000000
00000000000000000000000000000000000000000000000000000000000000000000000000000000000000000011111111111111111111111111111100000000000000000000000000000011111111111111111111111111111192000000000000000000
00000000000000000000000000000000000000000000000000000000000000000000000000000000000000000011111111111111111111111111111100000000000000000000000000000011111111111111111111111111111192000000000000000000
00000000000000000000000000000000000000000000000000000000000000000000000000000000000000000011111111111111111111111111111100000000000000000000000000000011111111111111111111111111111192000000000000000000
00000000000000000000000000000000000000000000000000000000000000000000000000000000000000000011111111111111111111111111111100000000000000000000000000000011111111111111111111111111111192000000000000000000
00000000000000000000000000000000000000000000000000000000000000000000000000000000000000000011111111111111111111111111111100000000000000000000000000000011111111111111111111111111111192000000000000000000
00000000000000000000000000000000000000000000000000000000000000000000000000000000000000000011111111111111111111111111111100000000000000000000000000000011111111111111111111111111111192000000000000000000
00000000000000000000000000000000000000000000000000000000000000000000000000000000000000000011111111111111111111111111111100000000000000000000000000000011111111111111111111111111111192000000000000000000
00000000000000000000000000000000000000000000000000000000000000000000000000000000000000000011111111111111111111111111111100000000000000000000000000000011111111111111111111111111111192000000000000000000
00000000000000000000000000000000000000000000000000000000000000000000000000000000000000000011111111111111111111111111111100000000000000000000000000000011111111111111111111111111111192000000000000000000
00000000000000000000000000000000000000000000000000000000000000000000000000000000000000000011111111111111111111111111111100000000000000000000000000000011111111111111111111111111111192000000000000000000
00000000000000000000000000000000000000000000000000000000000000000000000000000000000000000011111111111111111111111111111100000000000000000000000000000011111111111111111111111111111192000000000000000000
00000000000000000000000000000000000000000000000000000000000000000000000000000000000000000011111111111111111111111111111100000000000000000000000000000011111111111111111111111111111192000000000000000000
00000000000000000000000000000000000000000000000000000000000000000000000000000000000000000011111111111111111111111111111100000000000000000000000000000011111111111111111111111111111192000000000000000000
00000000000000000000000000000000000000000000000000000000000000000000000000000000000000000011111111111111111111111111111100000000000000000000000000000011111111111111111111111111111192000000000000000000
00000000000000000000000000000000000000000000000000000000000000000000000000000000000000000011111111111111111111111111111100000000000000000000000000000011111111111111111111111111111192000000000000000000
00000000000000000000000000000000000000000000000000000000000000000000000000000000000000000000000000000000000000000000000000000000000000000000000000000011111111111111111111111111111192200000000000000000
00000000000000000000000000000000000000000000000000000000000000000000000000000000000000000000000000000000000000000000000000000000000000000000000000000011111111111111111111111111111129220000000000000000
00000000000000000000000000000000000000000000000000000000000000000000000000000000000000000000000000000000000000000000000000000000000000000000000000000011111111111111111111111111111122922000000000000000
00000000000000000000000000000000000000000000000000000000000000000000000000000000000000000000000000000000000000000000000000000000000000000000000000000011111111111111111111111111111102292200000000000000
00000000000000000000000000000000000000000000000000000000000000000000000000000000000000000000000000000000000000000000000000000000000000000000000000000011111111111111111111111111111100229220000000000000
00000000000000000000000000000000000000000000000000000000000000000000000000000000000000000000000000000000000000000000000000000000000000000000000000000011111111111111111111111111111100022922000000000000
00000000000000000000000000000000000000000000000000000000000000000000000000000000000000000000000000000000000000000000000000000000000000000000000000000011111111111111111111111111111100002292200000000000
00000000000000000000000000000000000000000000000000000000000000000000000000000000000000000000000000000000000000000000000000000000000000000000000000000011111111111111111111111111111100000229220000000000
00000000000000000000000000000000000000000000000000000000000000000000000000000000000000000000000000000000000000000000000000000000000000000000000000000011111111111111111111111111111100000022922000000000
00000000000000000000000000000000000000000000000000000000000000000000000000000000000000000000000000000000000000000000000000000000000000000000000000000011111111111111111111111111111100000002292200000000
00000000000000000000000000000000000000000000000000000000000000000000000000000000000000000000000000000000000000000000000000000000000000000000000000000011111111111111111111111111111100000000229220000000
00000000000000000000000000000000000000000000000000000000000000000000000000000000000000000000000000000000000000000000000000000000000000000000000000000011111111111111111111111111111100000000022922000000
00000000000000000000000000000000000000000000000000000000000000000000000000000000000000000000000000000000000000000000000000000000000000000000000000000011111111111111111111111111111100000000002292200000
00000000000000000000000000000000000000000000000000000000000000000000000000000000000000000000000000000000000000000000000000000000000000000000000000000011111111111111111111111111111100000000000229220000
00000000000000000000000000000000000000000000000000000000000000000000000000000000000000000000000000000000000000000000000000000000000000000000000000000011111111111111111111111111111100000000000022922000
00000000000000000000000000000000000000000000000000000000000000000000000000000000000000000000000000000000000000000000000000000000000000000000000000000011111111111111111111111111111100000000000002292200
00000000000000000000000000000000000000000000000000000000000000000000000000000000000000000000000000000000000000000000000000000000000000000000000000000011111111111111111111111111111100000000000000229220
00000000000000000000000000000000000000000000000000000000000000000000000000000000000000000000000000000000000000000000000000000000000000000000000000000011111111111111111111111111111100000000000000022922
00000000000000000000000000000000000000000000000000000000000000000000000000000000000000000000000000000000000000000000000000000000000000000000000000000011111111111111111111111111111100000000000000002292
00000000000000000000000000000000000000000000000000000000000000000000000000000000000000000000000000000000000000000000000000000000000000000000000000000011111111111111111111111111111100000000000000000229
